$ 1 0.000005 3.7524723159601 86 5 50
a 288 208 432 208 8 15 -15 1000000 0.000009250389424824301 0 100000
w 288 128 288 192 0
w 432 208 432 128 0
r 288 128 432 128 0 10000
w 288 224 288 272 0
g 288 272 288 304 0
w 288 192 240 192 0
w 240 192 240 160 0
r 240 160 160 160 0 10000
R 128 128 80 128 0 1 200 1 0 0 0.159154943092
O 640 336 704 336 0
a 496 224 576 224 8 15 -15 1000000 -0.000009250204420735887 0 100000
r 432 208 496 208 0 10000
r 496 128 560 128 0 10000
w 496 128 496 208 0
w 560 128 576 128 0
w 496 240 496 272 0
w 496 272 288 272 0
w 576 128 576 224 0
174 128 128 160 192 1 10000 0.005 Resistance
w 288 272 176 272 0
c 336 48 400 48 0 2.7e-11 -0.11348703878269256
c 496 48 576 48 0 4.7e-11 -0.9650194063654483
w 336 64 288 64 0
w 288 64 288 128 0
w 400 64 432 64 0
w 432 64 432 128 0
w 496 64 496 128 0
w 576 64 576 128 0
209 576 336 640 336 0 0.00001 8.609317703189845e-10 1
w 576 256 576 224 0
O 576 224 656 224 0
w 128 192 128 272 0
w 128 272 176 272 0
r 576 256 576 336 0 100
368 576 224 624 176 0 0
368 640 336 688 288 0 0
368 288 192 240 224 0 0
368 128 128 176 80 0 0
368 432 208 400 240 0 0
368 496 208 448 304 0 0
o 9 64 0 4098 2.5 0.025 0 2 9 3
o 10 64 0 4098 5 0.00009765625 1 1
