$ 1 0.000005 37.11724081536377 61 5 50
a 288 208 432 208 8 15 -15 1000000 0.00009998900120986692 0 100000
w 288 128 288 192 0
w 432 208 432 128 0
r 288 128 432 128 0 10000
w 288 224 288 272 0
g 288 272 288 304 0
w 288 192 240 192 0
w 240 192 240 160 0
r 240 160 176 160 0 1000
R 176 160 128 160 0 0 200 1 0 0 0.5
O 576 224 640 224 0
a 496 224 576 224 8 15 -15 1000000 -0.000009998790134303482 0 100000
r 432 208 496 208 0 100000
r 496 128 560 128 0 10000
w 496 128 496 208 0
w 560 128 576 128 0
w 496 240 496 272 0
w 496 272 288 272 0
w 576 128 576 224 0
174 48 128 80 192 1 10000 0.5 Resistance
r 176 160 176 272 0 10000
w 288 272 176 272 0
c 336 64 400 64 0 2.7e-11 9.999000109987902
c 496 64 576 64 0 0.00001 -0.9998890122204824
w 336 64 288 64 0
w 288 64 288 128 0
w 400 64 432 64 0
w 432 64 432 128 0
w 496 64 496 128 0
w 576 64 576 128 0
o 9 64 0 4098 1.25 0.025 0 2 9 3
o 10 64 0 4098 1.25 0.00009765625 1 1
